0
10
31
73
162
286
458
699
1036
1508
2167
3089
4380
6186
8715
12001
16273
21827
29047
38432
48755
60109
72599
86336
101446
118067
136349
156458
178578
202909
227969
253779
280364
307745
335947
364994
394911
425727
457465
490156
523499
557509
592199
627583
663674
700487
738036
776335
815399
855245
895687
936736
978400
1020689
1063611
1107176
1151395
1196276
1241830
1288068
1334998
1382631
1430978
1480051
1529858
1580413
1631725
1683807
1736671
1790326
1844786
1900062
1956167
2013113
2070913
2131904
2196262
2264174
2335835
2411453
2491245
2575442
2664288
2758040
2856968
2961358
3071512
3187747
3310401
3439827
3576398
3720511
3872581
4033047
4202372
4381047
4569588
4768539
4978474
5200000
5356000
5513560
5672695
5833422
5995756
6159712
6325307
6492557
6661480
6832092
7004410
7178450
7354230
7531767
7711080
7900000
8075101
8259846
8446438
8634895
8827121
9023191
