40
54
67
79
93
106
120
133
145
159
172
186
199
211
226
233
246
260
273
287
300
315
329
342
356
371
383
396
410
423
438
443
455
470
483
497
510
522
536
551
564
579
593
605
620
633
648
662
674
687
702
717
723
738
752
764
779
794
807
821
834
849
863
876
891
906
918
933
947
962
975
990
1002
1022
1037
1052
1065
1080
1095
1109
1122
1136
1151
1166
1179
1193
1208
1221
1238
1251
1265
1278
1292
1308
1322
1335
1349
1364
1379
1394
1407
1419
1434
1449
1478
1491
1506
1520
1535
1550
1565
1578
1595
1607
1622
1637
1652
1667
1682
1694
1710
1725
1739
1754
1770
1782
